Samples	CBSX__LM22__B_cells_naive	CBSX__LM22__B_cells_memory	CBSX__LM22__Plasma_cells	CBSX__LM22__T_cells_CD8	CBSX__LM22__T_cells_CD4_naive	CBSX__LM22__T_cells_CD4_memory_resting	CBSX__LM22__T_cells_CD4_memory_activated	CBSX__LM22__T_cells_follicular_helper	CBSX__LM22__T_cells_regulatory_(Tregs)	CBSX__LM22__T_cells_gamma_delta	CBSX__LM22__NK_cells_resting	CBSX__LM22__NK_cells_activated	CBSX__LM22__Monocytes	CBSX__LM22__Macrophages_M0	CBSX__LM22__Macrophages_M1	CBSX__LM22__Macrophages_M2	CBSX__LM22__Dendritic_cells_resting	CBSX__LM22__Dendritic_cells_activated	CBSX__LM22__Mast_cells_resting	CBSX__LM22__Mast_cells_activated	CBSX__LM22__Eosinophils	CBSX__LM22__Neutrophils
5085	0.02511649688458632	0.00363519568488399	0	0.01846440265874907	0.03731579277998869	0	0	0	0.02427156398463197	0	0.0548807634570128	0	0.15445464488254523	0.08125251574397278	0	0.03789500769263357	0	0	0.0359877228373609	0	0.09487417536242992	0.4318517180312047
5087	0.10394007045237712	0	0.00399780858506577	0.09151365458029916	0	0.0931753258221146	0	0.00130536992083415	0	0	0.06899172385661147	0	0.25362317576594495	0.03097343984402679	0	0	0	0	0.03671102643724065	0	0.13223029474342057	0.183538109992065
5088	0.02357433767704963	0	0.02654204801097764	0.01805014975464069	0.05831793275946175	0	0	0	0.00757204903808977	0	0.08111168099933933	0	0.161724066311518	0.06049403658255972	0	0.03293679154373916	0	0	0.05139890265789229	0	0.0754875257377201	0.40279047892701186
5091	0.06097986681859761	0	0.08207203280203869	0.03698294725929945	0	0.0796064645250938	0.00855250747869975	0.00177265711128245	0	0	0.08138283632148617	0	0.12750753449148594	0.00848274957754091	0	0.01769428060499891	0	0.00132469199826625	0.03045647903343004	0	0.09783059782742486	0.3653543541503552
5092	0.03009960437259716	0.00235115734297603	0	0.01708560116340516	0.04967342910314091	0	0	0.01179218061470134	0.02009548492395648	0	0.07167447227265683	0	0.3242908763353145	0.07778746606535537	0	0	0	0	0.03962444664804601	0	0.1322322603455552	0.22329302081229488
5093	0.00732308807321768	0.00669439507227705	0.00241056683487786	0.02404226423193707	0.05208184575160413	0	0	0	0.02698393585964142	0.00980291347744153	0.03391994287202064	0	0.10864047498434014	0.08132003999375645	0	0.05677172190012049	0	0	0.01724696460857051	0	0.1072296971740539	0.4655321491661411
5094	0.06995972869109195	0	0.00916472447308226	0.14792062087563912	0	0	0	0.0101631910601899	0	0	0.08821262072870978	0	0.11291502260749726	0.08084747071931798	0	0	0	0.00728090787425565	0.0330738377956225	0	0.08741281290279906	0.3530490622717945
5095	0.00692523730838631	7.8604209960759e-4	0.13500409715788417	0.06455541576740685	0	0.14629052021058536	0.00600823390881479	0	0	0	0.09506075211328366	0	0.16008024697081324	0.02319684424200915	0	0	0	0	0.01258739428053838	0	0.02849383721235546	0.3210113787283149
5097	0.08809494800293527	0	0.06191853322064822	0.03053321722462213	0.01052855204561582	0.02031653059028259	0	0	0.00827927404170757	0.00647478955280308	0.06037184536102994	0	0	0.084775753600656	0.00396575970923302	0.01499276438828121	0	0	0.02126380554381358	0	0.20092256061930017	0.38756166609907133
5098	0.04032015891582092	0	0.00583608123728961	0	0.05217502132941213	0	0	0.01335560875149583	0	0.01264212959327425	0.0693340639774902	0	0	0.03232134350097381	0	0.04551934121503368	0	0.01121045296744536	0	0.02004224416019502	0	0.6972435543515692
5103	0.02718474487243525	0	0.01256787640986702	0.08373614444515401	0	0.07686843391262332	0.02012268581131058	0.00154012125006791	0	0	0.09693738160067028	0	0.17982767029917163	0.00195057473037466	0	0.01143588377462449	0	0	0.02683866884253306	0	0.08940218586878784	0.37158762818237995
5104	0.03544644530842137	0	0.00690941705933691	0.07672796031792771	0	0.07576713530246725	0.01373814900719514	0	0	0	0.10814843176641888	0	0.02348088011079076	0.01505756917515281	0	0.01111010696642644	0	0	0.00485044057214017	0	0.039231767648607	0.5895316967651155
5105	0.02930002930077294	0	0.0028310051136107	0.00123033195383638	0.06323458315883908	0	0.01924173945324866	0	0.01240649865482066	0	0.11786469377053298	0	0.1160955456759008	0.05717591367397538	0	0.02873499258073881	0	0	0.0097895985445289	0	0.070946201439512	0.47114886667968287
5108	0.0266950396085185	0	0	0.01408470624803468	0.05141746211376545	0	0	0	0.01407925540771194	0	0.08620625778426463	0	0.3067412294035682	0.09147997835862824	0	0	0	0	0.02474401635277193	0	0.09642831142286762	0.28812374329986906
5115	0.00914813344181287	0	0	0	0.00105732060448893	0.07391287396487191	0.02814539298979848	0	0	0	0.11200173812672408	0	0.06769416830895196	0.00924149737278395	0	0.01466167393814377	0	0.00116813527096868	0	8.0750161080155e-4	0	0.6821615643706539
5117	0.0861712732373187	0	0.03564103289113598	0.01060289703132757	0	0.03907341093915846	0.0077617425623689	0.00822101970880234	0	0	0.05986787728344797	0	0.1890764003258067	0.00382170650596867	0	0.0095862283841777	0	0	0.04665090820171074	0	0.13509052616830233	0.3684349767604741
5120	0.0313793620037391	0	0	0.07984326664436783	0	0.13170460274513263	0.00594343275155153	0	0.00945644665134301	0	0.08778705456852466	0	0.13589778739694308	0.01184826374563544	0	0	0	0.00338017546900225	0.01557919696261847	0	0.00523980295657838	0.4819406081045636
5122	0.01823635102778635	0	0.0031634537803441	0.01045014684619398	0.0965398597974848	0	0	0	0.01739766910136372	0	0.07753081450437746	0	0	0.08265833614834323	0	0.01496382290914281	0	0	0.00891364145347815	0	0.02340526186399153	0.6467406425674938
5124	0.01987475305994481	0	0.0527546277052838	0.01231706049366277	0.05658779722516042	0	0.01705686761455391	0	0	0	0.08959752510974428	0	0.25310480463432294	0.04481984932057205	0	0.01518374811576134	0	0	0.03789177535173609	0	0.14023203982789453	0.2605791515413631
5133	0.03939755787309469	0	0	0.0705761234419719	0	0.09193881891924333	0.04731489742554058	0.00299578010791957	0	0	0.14397448394563978	0	0	0.02732397049716955	0	0.01512733874353011	0	0	2.6951890592807e-4	0	0	0.5610815101399623
5137	0.01405685125851254	0	0.00201969364229113	0.05911856409237138	0.02957566099552801	0	0	0.00629032288335086	0	0	0.12741124301952292	0	0.10350484621039902	0.08754643003002906	0	0.00851964998987864	0	0	0.04398155723417244	0	0.1032685690314604	0.4147066116124835
5138	0.08428460205081066	0	0.07805317068270803	0.06645909423054983	0	0.07900050557287126	0.00887102278219903	0.00293895923667394	0	0	0.1101505978614014	0	0.08704331320889713	0.02078418777660773	0	0.01537379118106524	0	3.282086557178e-5	0.01355553849994932	0	0.13137794566708325	0.30207445038361136
5140	0.03647690065295964	0.02568815652043622	0.04335305178160528	0.04419380158758143	0	0.09944477113735788	0.01231959728765091	0.01754827274333712	0	0	0.05835060990484398	0	0.08460388214020248	0.02230001069495636	0	0.00143306296204579	0	0.00120413434250738	0.01411374406683783	0	0.07126433892420063	0.4677056652534771
5143	0.02837423172297485	0	0.00240215855414239	0.02778441274849107	0.03016995885231051	0	3.2497115919019e-4	0	0.01475244417299772	0	0.07112086015525197	0	0.3583313467229898	0.03574148375685324	0	0.03893807234831331	0	0	0.05354389894401823	0	0.11922123958490664	0.21929492127755992
5149	0.03285825614351981	0	0.00232629795119994	0.02841144483428577	0.02280777815673591	0	0	0.00262570447490964	0.00493307131738079	0	0.14544071317565666	0	0.18275003022163017	0.07101700988216128	0	0.01813430811426679	0	0.01304855613352313	0	0.02586999181945865	0.17397077402228314	0.27580606375298816
5152	0.04424619740992542	0	0.0703905260459444	0.03914263460397905	0	0.00557584393182175	0.01457656330860911	0	0.02164577049460705	0	0.104147970491428	0	0.10936255232992163	0.07143526528430193	0	0.01159874626878917	0	0.00939615794699474	0.02236449452533032	0	0.25011300095670175	0.2260042764016457
5153	0.10606985348771526	0	0.09020034818199069	0.02803585604919394	0	0.01634039673739614	0	0	0.02224577726908704	0	0.05906858973270221	0	0.10387523394326877	0.09579753266076896	0.00223949520971425	0.0049574740944593	0	0	0.02626649754620942	0	0.20672361197667263	0.23817933311082148
5154	0.07593972546885784	0	0.00303501423861068	0.07661769984372399	0.01672533440032391	0	0	0.01084776526158804	0.01999018832395439	0	0.1357269939344421	0	0.03136731379942167	0.0698872109291118	0	0.02302243125210969	0	0.01310358344273956	0	0.05206317555348022	0.1725642158436399	0.2991093477079962
5155	0.01365862135342979	0	0.02589651784771978	0.0286516119510551	0.07072167170374039	0	0.02073548508189058	0.01304197190493181	0	0	0.1515742641640284	0	0.01640913447619938	0.07036891991876483	0	0.01439488613697187	0	0.01241582644498534	0	0.00915700994510089	0.08459999735136822	0.46837408171981354
5158	0.07359285336033727	0	0.02200811823351439	0.12023068252557302	0	0.02765607467258609	0	0.0136652983693979	0.01001606684969674	0	0.13779208527970072	0	0.1530564642514101	0.0892806095842045	0	0.01700937191535938	0	0.01067485248347356	0	0.077030988789482	0.1262934337086526	0.12169309997661192
5171	0.06549751210051354	0	0	0.00947824540319217	0.01081075135209905	0.1564679272842495	0.00440076428202921	0	0	0	0.13910206622856813	0	0.2189296224386718	0.03723098507877745	0	0.01634229984370198	0	0.00137006983378317	0	0	0.06973441990990846	0.2706353362445055
5172	0.0799594327872543	0	0.00141264355696644	0.02980387217808678	2.5684450333783e-4	0	0	0	0.02594569314829294	0	0.13778775805308074	0	0.05244533327090443	0.10508416430233244	0.0040948436914752	0.00914625355054657	0	0	0.01280078169314794	0	0.25343651084246754	0.2878258684221068
5175	0.02849612496441095	0	0	0.03384347040483861	0.05464961274132617	0	0	0	0.00190642435685534	0	0.15089149984416858	0	0.01478585516095757	0.07978534440495312	0.00123594013633494	0.05317158471896592	0	0	0	0.04566105237791023	0.0892613172216815	0.44631177366759694
5179	0.01097329110662186	0	0.00290729487460762	0.00705666726272487	0.04795553595379254	0	0	0.00226236297745204	0.01752101107985713	0	0.10387552921691562	0	0.22305444088439152	0.06803663092203349	0	0.00554244854637866	0	0.00295108068863901	0.00708820995867027	0	0.2596218267322887	0.24115366979562664
5180	0.10505100520828192	0	0.05505674802650375	0.03578236039832725	0	0	0	0.02210796284185373	0.01722051344958881	0	0.08254008746307644	0	0.10774558315022924	0.12504364233962406	0	0.00691684202116871	0	0.00920932813782375	0	0.06140540819720229	0.2607163390784919	0.11120417968782836
5182	0.00669237491145829	0	0.00327059570738556	0.05189934385165879	0	0.03883187170017466	0.02067265246264804	0	0.04435610193883598	0	0.09084982101452264	0	0.15667783697573828	0.12952417713040812	0	0	0	0	0.02783160724775096	0	0.2868053160317279	0.14258830102769085
5187	0.06846125309990295	0	0.00490489558343196	0.11512622917485472	0	0.05221322738277588	0.00469578534927208	0.00316169002810163	0	0	0.09699181859611011	0	0.0725831896530912	0.02163989350127171	0	0.00887786688232425	0	0	0.02215621720220817	0	0.16849992310145123	0.36068801044520415
5188	0.0453482006459057	0	1.469103183053e-5	0.08149530127338171	0.0655784063804537	0	0.00954492049205084	0.00798734890630561	0	0	0.14549809623567905	0	0.32459141750359327	0.05991775512388419	0	0.01883606839287782	0	0	0.00255710794609496	0.00224963341601449	0.0814968116274068	0.1548842410245214
5190	0.07343763598024242	0	0.01252263339324982	0.00785890032460173	0	0.07213942901984173	0.02222855613552988	0	0	0	0.1008582095103406	0	0.07809580269047081	0.01003968490170626	0	0.00565425338878746	0	0	0.02003793415396626	0	0.16269406350603718	0.434432896995226
5191	0.02125122327161774	0	6.0995414044656e-4	0.06887362564957342	0.0377713005779622	0	0	0.00309559449266711	0.00361626454908412	0	0.06272856749170237	0	0.14227745616317652	0.10650483664514482	0.00284391302924908	0.00949539053709587	0	0	0.04863259716796543	0	0.10177487828418132	0.39052439800013344
5192	0.01750835164622757	0	0.00498512739284407	0	0.0655394163416706	0	0.02589590789990648	0.00178237036116168	0	0	0.15249534673134302	0	0	0.04824929699114781	0	0.03907804693010555	0	0	0.00106514349597384	0	0.03435751873150755	0.6090434734781118
5194	0.06506319405405601	0	2.8892068051418e-4	0.0528578393904039	0.03136628788855216	0	0	0	0.00824585952161702	0	0.08964688462307004	0	0.29733287834205363	0.07046978678107257	0	0.00623796125978128	0	0	0.03665289507580023	0	0.11656731818492026	0.22527017419815873
5209	0.02590332264208105	0	9.0049891218127e-4	0.08079646603092558	0.01981819313774009	0	0	0.00497431613387982	0	0	0.1518335183107923	0	0	0.06466776129562167	0	0.02029915966078962	0	0.0113606799975698	0	0.00493203748231592	0	0.6145140463961029
5210	0.05743252443317361	0	0.0030353304140277	0.1202551494464047	0	0.02787800098196172	0	0	0.01085177113629351	0	0.11312511401440002	0	0.17613536142780334	0.09855317497587386	0.00276307533798072	0.03838709231431851	0	0	0.01958575558022797	0	0.04867179095716857	0.28332585898036594
5217	0.07469872736129496	0	0.00171573727775425	0.06626605928766618	0	0.09616133184463882	6.0980755227065e-4	0.00290108475020316	0	0	0.08805326188692278	0	0.21368754819870203	0.03387521995695855	0	0	0	0	0.0310838701166171	0	0.22837956429535372	0.16256778747161765
5220	0.00920801731579594	0	0.01261639872590196	0.02924376682425888	0	0.01410571521075205	0	0	0.02689890348142337	0	0.13132348070296276	0	0.07122930082092906	0.12077362876080674	0	0	0	0.00890850156953099	0	0.00363240681781387	0.1739575060520248	0.3981023737177996
5222	0.00237153940443992	0.01004147436606183	5.0547793178158e-4	0.00404352181201298	0.11444037541629476	0	0	0.00565460655652746	0.00315582028818907	0.00639630864208015	0.09264584579489502	0	0.191344004252998	0.06051174862745153	0	0.03318901457396444	0	0	0.02449819590126754	0	0.1037892363946182	0.3474128300374176
5224	0.01754031893684868	0	9.3675743523571e-4	0.02121855399349809	0.04587020307649425	0.01066790662650785	0	0	0.01837349671783933	0	0.07667129531236765	0	0.11214943068540056	0.0671955842083092	0	0.01584167609286651	0	0.01369471520748536	0.04774481485594057	0	0.11298642641965027	0.43910882043155586
5225	0.05973953703427707	0	0.02777575499498747	0.07408008254584308	0.03106279731586418	0	0.0151935930702004	0	0.00265788562366145	0	0.1342300153012371	0	0.24504104570177035	0.05763250127945019	0	0.01659294008182292	0	0	0.02445715405962481	0	0.10068238939839988	0.21085430359286125
5226	0.04518331464066895	0	0	0.18027896869837215	0	0	0	0.00116153137016557	0	0	0.17881583780694169	0	0.1500950192328209	0.05956740248365935	0	0.03722793281568683	0	0	0.03056101605697942	0	0.11189976649593213	0.20520921039877313
5233	0.00807028671458171	0	0.00318573012159104	0.03249726454361495	0.06841136390957463	0	0	0	0	0	0.14229672055949938	0	0.04747202806629735	0.069285670260720425	0	0.02924022664348701	0	0	0	0.01051980081155981	0	0.5890209083690735
5250	0.06787582528481363	0.01922211381645732	0	0.15043106557682576	0.01359210948596161	0.0155327497014063	0	0.01527512013990222	0	0	0.18632323453562935	0	0.17115766181402425	0.01323054856620021	0	0.03383494365687185	0	0	0.00233365767791711	0	0.04152370427716889	0.26966726546682146
5251	0.04985098684332644	0	0.01181488543960234	0.03226766393396881	0	0.0966879438468246	0.01590141852713345	0.00485162509623859	0	0	0.08472551097788081	0	0.18842823890088012	0.01106605591959548	0	0.0233425350801247	0	0	0.04023072951838435	0	0.19738517366933395	0.2434472322467063
5252	0.03603033287259279	0	0	0.01417642186858915	0.06108220895059433	0	0	0.00697209036486547	0	0	0.07408506254038369	0	0.20579487163951565	0.06111201504459217	0	0.03037987134177412	0	0	0.04612716763056462	0	0.1400651651496971	0.32417479259683085
5260	0.04658069862826145	0	0.00390359159153388	0.106356412989623	0	0	0.02780043448046884	0	0	0	0.07648827657952316	0	0.10410492198964286	0.05252393397070452	0	0.01158583162543357	0	0	0.0310164290513963	0	0.12424608797115172	0.4153933811222608
5262	0.06448769442007736	0	0.00327362552138058	0.16146927438799094	0	0	0	0	0.01729064694125429	0	0.1524505693833109	0	0.13951492712871957	0.06661192196751493	0	0.01498109386819065	0	0	0.00701099540185421	0	0.24408369877235472	0.1288255522073518
5267	0.04748110357448947	0	0	0.01941479375681193	0.06919293991544519	0	0	0	0.00879875079248063	0	0.12427164965496489	0	0.14615895310720883	0.04942775126799435	0	0.01703836752508728	0	0	0.02145546033288843	0	0.1364732575615263	0.36028697251110264
5271	0.0254465075079329	0	0	0	0	0.12260848977162722	0.0109896313691995	0	0	0	0.08399889511653863	0	0.05908930003471664	0.01135674993555018	0	0.01764512341486558	0	0	0	0	0	0.6688653028495694
5275	0.02337301459968491	0	0.00339771698619711	0.01574264021576584	0.05006974739125778	0	0	0.0028042364178224	0	0	0.09482781574675896	0	0.11710133837397592	0.05966781196463573	0	0.02820220096046068	0	0	0.01348212233911886	0	0.07941827490767393	0.5119130800966477
