Mixture	B cells naive	B cells memory	Plasma cells	T cells CD8	T cells CD4 naive	T cells CD4 memory resting	T cells CD4 memory activated	T cells follicular helper	T cells regulatory (Tregs)	T cells gamma delta	NK cells resting	NK cells activated	Monocytes	Macrophages M0	Macrophages M1	Macrophages M2	Dendritic cells resting	Dendritic cells activated	Mast cells resting	Mast cells activated	Eosinophils	Neutrophils	P-value	Correlation	RMSE
Mel53	0.00000000000000000	0.03358110643925720	0.00000000000000000	0.10549331296605557	0.00000000000000000	0.39452499487893228	0.00000000000000000	0.10619738452980201	0.01948343079029311	0.04924831430912684	0.00000000000000000	0.15956234364556987	0.00114789111648406	0.00000000000000000	0.00000000000000000	0.03106259023659546	0.00000000000000000	0.03220234056350383	0.00000000000000000	0.05552639424175414	0.00637673052616802	0.00559316575645752	0.00000000000000000	0.50264220087217737	0.86911878582944546
Mel58	0.00000000000000000	0.00402628625890663	0.00000000000000000	0.52743903877513953	0.00000000000000000	0.00000000000000000	0.00000000000000000	0.16517899800084476	0.01492827971775067	0.10318348533879766	0.00000000000000000	0.10807426629430401	0.00000000000000000	0.00000000000000000	0.00000000000000000	0.01658655319720690	0.00000000000000000	0.02840103822655691	0.00000000000000000	0.02480023087968926	0.00738182331080358	0.00000000000000000	0.00000000000000000	0.47657547161054098	0.90514605108890944
Mel59	0.00000000000000000	0.00065938216925739	0.00000000000000000	0.00350530237459652	0.00000000000000000	0.05026582904316507	0.00000000000000000	0.00000000000000000	0.00242157822696596	0.00000000000000000	0.00928495601931494	0.00139262944918506	0.06916201898346448	0.00000000000000000	0.19085294476455547	0.05080365674435615	0.00000000000000000	0.43087135911265867	0.00000000000000000	0.16372593057393417	0.02705441253854599	0.00000000000000000	0.00000000000000000	0.25089928446962262	1.08730619146764806
Mel60	0.10077808009386106	0.36818689080979733	0.00000000000000000	0.20159835788514785	0.00000000000000000	0.06634236996606796	0.04459728449444466	0.08197228314903302	0.06739581765335909	0.00000000000000000	0.00000000000000000	0.03048449054690856	0.00804821346787076	0.00057184128154497	0.00000000000000000	0.00000000000000000	0.00000000000000000	0.02975385765551219	0.00000000000000000	0.00000000000000000	0.00027051299645265	0.00000000000000000	0.00000000000000000	0.50944839678584986	0.86031392410865792
Mel65	0.02074096559249150	0.01677386176103854	0.00000000000000000	0.51428529200762896	0.00000000000000000	0.16919058714250479	0.04048608947070045	0.18262478425699405	0.00000000000000000	0.01744923178459310	0.00000000000000000	0.00000000000000000	0.00563554421167435	0.00000000000000000	0.00216088613679691	0.00254623121232101	0.00000000000000000	0.01457921649246571	0.00000000000000000	0.00509311135145890	0.00843419857933140	0.00000000000000000	0.00000000000000000	0.58708994980288287	0.81167720454314507
Mel67	0.07986660145527336	0.02579922407626636	0.00000000000000000	0.33548789430531312	0.00000000000000000	0.23540018193917212	0.02720035291421696	0.20842890702062741	0.01216179360890639	0.03415683380855296	0.00000000000000000	0.00000000000000000	0.00000000000000000	0.00000000000000000	0.00000000000000000	0.00000000000000000	0.00000000000000000	0.03176814549823587	0.00540825074581094	0.00000000000000000	0.00393974530282471	0.00038206932479975	0.00000000000000000	0.45147242942878629	0.90494928345739178
Mel71	0.00970230985524665	0.00000000000000000	0.00000000000000000	0.46645422520149765	0.00000000000000000	0.00000000000000000	0.07192953952978917	0.21689564335866676	0.00501887899389779	0.17485006875591522	0.00000000000000000	0.00000000000000000	0.00000000000000000	0.00000000000000000	0.00000000000000000	0.00823788995441381	0.00000000000000000	0.01408774460308252	0.00000000000000000	0.02009413276941846	0.01272956697807202	0.00000000000000000	0.00000000000000000	0.37299656023815148	0.96904378292478810
Mel72	0.02258160500841594	0.07455984508277828	0.00000000000000000	0.09568716778459421	0.26268124701053064	0.40481026605780163	0.03551538599523828	0.00000000000000000	0.00000000000000000	0.00000000000000000	0.01775838492635044	0.00000000000000000	0.02733630885264275	0.00339281360242066	0.00000000000000000	0.00000000000000000	0.00000000000000000	0.04182355341754643	0.00000000000000000	0.00600600526103642	0.00784741700064420	0.00000000000000000	0.00000000000000000	0.53842526774800870	0.84377331223667396
Mel74	0.00000000000000000	0.00296207459893847	0.00170590678490532	0.51184747978595313	0.00000000000000000	0.00000000000000000	0.00000000000000000	0.14609290187440849	0.02878436939880897	0.09120133932692873	0.00000000000000000	0.16576702707027011	0.00000000000000000	0.00000000000000000	0.00000000000000000	0.01213390788660523	0.00040572986005521	0.01124306823382314	0.00000000000000000	0.02049868740906821	0.00735750777023483	0.00000000000000000	0.00000000000000000	0.52423405893680597	0.87443285369178136
Mel75	0.00000000000000000	0.00000000000000000	0.00254638700434547	0.80500868837717110	0.00000000000000000	0.00000000000000000	0.01763530499423576	0.08630310760644863	0.03016599142037038	0.00000000000000000	0.00000000000000000	0.01804623028411430	0.00000000000000000	0.00000000000000000	0.00175835583837131	0.00708319156984868	0.00252583812486803	0.00551926264149427	0.00000000000000000	0.01672790672555600	0.00667973541317607	0.00000000000000000	0.00000000000000000	0.57269277094514581	0.83453625099841289
Mel78	0.00000000000000000	0.60503295382617295	0.00000000000000000	0.11079488872077879	0.05602135090361179	0.00000000000000000	0.00000000000000000	0.01460982304820903	0.02192409115862012	0.00000000000000000	0.05423765102032516	0.00000000000000000	0.03103449656073755	0.00000000000000000	0.00000000000000000	0.01755166335660495	0.00000000000000000	0.04627780301753047	0.00000000000000000	0.01899471168687525	0.02352056670053405	0.00000000000000000	0.00000000000000000	0.39371056725680359	0.92990184905129569
Mel79	0.04012183912478867	0.00000000000000000	0.00000000000000000	0.62605211415969098	0.00000000000000000	0.00000000000000000	0.01198969970149726	0.15794288109446941	0.01846951827774487	0.09326318818293902	0.00000000000000000	0.00000000000000000	0.00000000000000000	0.00000000000000000	0.00000000000000000	0.00424574529672052	0.00000000000000000	0.00808544522491779	0.00000000000000000	0.03228877308530687	0.00754079585192471	0.00000000000000000	0.00000000000000000	0.57657304347455474	0.82322063285958769
Mel80	0.00000000000000000	0.05420533403542568	0.00000000000000000	0.18993155315962823	0.00000000000000000	0.25423004909732888	0.03773464288030492	0.34126110165932855	0.00339743626801308	0.04301719234843663	0.00000000000000000	0.05452905690533241	0.00000000000000000	0.00000000000000000	0.00000000000000000	0.00000000000000000	0.00000000000000000	0.02141455178305368	0.00000000000000000	0.00000000000000000	0.00027908186314809	0.00000000000000000	0.00000000000000000	0.56160063397022320	0.82874068702217596
Mel81	0.00000000000000000	0.01816924715238594	0.00000000000000000	0.33157901198442880	0.00000000000000000	0.22332949270481320	0.01582588147290666	0.03950377394722197	0.02514927247742725	0.16447691955004271	0.00000000000000000	0.13445435241680176	0.00000000000000000	0.00000000000000000	0.00000000000000000	0.00185351520753820	0.00000000000000000	0.03658261070784902	0.00000000000000000	0.00055609373487969	0.00560933463695159	0.00291049400675320	0.00000000000000000	0.50410413727094194	0.88362832098301547
Mel82	0.00714484869354800	0.00433650292598446	0.00268234372539623	0.22833902209222304	0.00000000000000000	0.32172939809005835	0.04706440606194576	0.16828934668420484	0.07946873170660750	0.00000000000000000	0.00000000000000000	0.01763600472513284	0.02315153611826479	0.00000000000000000	0.00000000000000000	0.01140333899879367	0.00123379976806849	0.03745921387867622	0.00000000000000000	0.02390240971115881	0.02404255196833771	0.00211654485159912	0.00000000000000000	0.47285009035554987	0.88592647813420133
Mel84	0.00000000000000000	0.12067154164636666	0.00000000000000000	0.22608260934222379	0.00000000000000000	0.24416447679545417	0.00244832746550406	0.03068016969106455	0.07917492368253724	0.00000000000000000	0.00000000000000000	0.09408762135649948	0.06072680707438857	0.00000000000000000	0.00000000000000000	0.01702161340387862	0.00000000000000000	0.03689317930346371	0.00000000000000000	0.07605403848383926	0.00474955133287821	0.00724514042190163	0.00000000000000000	0.49010588518449794	0.87143320980910244
Mel88	0.00000000000000000	0.02905109134368451	0.00422040820109850	0.23836058008068101	0.00000000000000000	0.32995960710166289	0.02151582561188793	0.13077677333777915	0.02834599417366572	0.04489807809281220	0.00000000000000000	0.04811507346722224	0.00000000000000000	0.00000000000000000	0.00015823251971187	0.09414449319600444	0.00000000000000000	0.01536588810941285	0.00000000000000000	0.00781428135393654	0.00601632781341720	0.00125734559702300	0.00000000000000000	0.47904095937585983	0.88220663029705737
Mel89	0.07046818776553676	0.09432931632527548	0.00000000000000000	0.44454371337827381	0.00000000000000000	0.09942598523403318	0.01777956818436505	0.14767859226862953	0.02499845155349277	0.00000000000000000	0.00000000000000000	0.03693986223555547	0.02138056514121171	0.00000000000000000	0.00000000000000000	0.00821420614148095	0.00000000000000000	0.02778125263837203	0.00112550414664422	0.00000000000000000	0.00315824923419171	0.00217654575293727	0.00000000000000000	0.45969383419306487	0.89669716410418809
Mel94	0.14629825952210984	0.14321562825247378	0.00000000000000000	0.10505479657978857	0.28452217920082556	0.22025741648179675	0.00877280058661051	0.00393669932165441	0.01937110910906315	0.00000000000000000	0.00000000000000000	0.01798872027212719	0.01680183556400312	0.00000000000000000	0.00000000000000000	0.00336087763325709	0.00000000000000000	0.02706246125703266	0.00295659677328161	0.00000000000000000	0.00000000000000000	0.00040061944597567	0.00000000000000000	0.67805867949064558	0.74347364192541066
