Samples	CBSX__TIL10__B.cells	CBSX__TIL10__Macrophages.M1	CBSX__TIL10__Macrophages.M2	CBSX__TIL10__Monocytes	CBSX__TIL10__Neutrophils	CBSX__TIL10__NK.cells	CBSX__TIL10__T.cells.CD4	CBSX__TIL10__T.cells.CD8	CBSX__TIL10__Tregs	CBSX__TIL10__Dendritic.cells
5085	0.00919722793451972	0	0	0.38801512867542	0.43249154057415445	0.04276181059706999	0.10861557852188952	0.01891871369694617	0	0
5087	0.03683304164044352	0	0	0.6384322186891233	0.19559614722333793	0.04011104673671362	0.04964344384274792	0.03051147677730262	0.00887262509033126	0
5088	0.02310691899806669	0	0	0.5134432491626684	0.31554289102850314	0.04073474053817254	0.08244999760162997	0.02472220267095935	0	0
5091	0.04135276831581562	0.02033905898532171	0	0.5354192120388308	0.30393537054960273	0.04074452738267092	0.03127123931341833	0.02650066831983788	4.3715509450197e-4	0
5092	0	0	0	0.4348400521993968	0.4135272142669311	0.0183610252272703	0.09174665760727208	0.0153472340895071	0	0.02617781660962253
5093	0.0028456077884865	0.05127427566931349	0.00137602220779668	0.405700886652441	0.41359574343719774	0.02370754420251377	0.0426305232935564	0.04935037649747276	0.00951902025122165	0
5094	0.03179312554626146	0.01730287951646792	0	0.3413006689548436	0.4113453692679824	0.07808322864599224	0.02932212949825319	0.08137928497873947	0.0094733135914598	0
5095	0.04485300899019783	0	0.0382292000706275	0.2909761100214591	0.29903599931514474	0.07839095620441068	0.2002737708727609	0.04824095452539916	0	0
5097	0	0.04048876416919193	0	0.11784483098155524	0.5028716935626846	0.03700024275365825	0.16918641260105283	0.10971047381174172	0.02289758212011522	0
5098	0.00600911063000388	0.07295578100555991	0	0.1729537804070722	0.6082414434408797	0.04866707583031831	0.02853922868577474	0	0.06263358000039138	0
5103	0.02126012363899147	9.5324251141423e-4	0	0.31719132280186296	0.44152486597625634	0.0476362503377933	0.0923377630891312	0.0730692633106774	0.00602716833387308	0
5104	0.02282456748892981	0.01281029881339681	0.00350085113006479	0.2648409526198732	0.49814036798426337	0.04120855565470461	0.10714143554131032	0.04219476793876971	0.00733820282868727	0
5105	0.01192271060356157	0	0.00575903232265681	0.4625187297620128	0.4323785181226836	0.02652628431255761	0.05267927154920429	0.00821545332732341	0	0
5108	0	0	0	0.4340655589776122	0.43030257713291975	0.04511357910489869	0.03944965766233519	0.03040584473957169	0.0206627823826624	0
5115	0	0.0061921346632904	0	0.2840810726395655	0.5468175030325811	0.01964992343940489	0.1184925048538695	0.02476686137128868	0	0
5117	0.02870883300448192	0	0	0.4600834491877894	0.35762247496706656	0.03344015680213818	0.0910302737339726	0.02850884683299289	6.0596547155835e-4	0
5120	0.01971641870704611	0.01987788801667219	0.02083291837516242	0.17543230814730731	0.500258275089862	0.05040301294949735	0.1489541008402933	0.0587155290528151	0.0058095488213441996	0
5122	0	0.00915363051629467	0	0.11929921480778896	0.601806693391251	0.01226946036501445	0.25171049239113624	0.00576050852851456	0	0
5124	0.01628562070805759	0	0.00820756611158322	0.49814919550730513	0.3324826193486033	0.04800945184149358	0.09088023817181716	0.00598530831114014	0	0
5133	0	0.00886822423489428	0	0.15330088052130156	0.5242359178883673	0.07337266314434729	0.16281910822345028	0.07740320598763933	0	0
5137	0.01136310354829748	0.01129374404514091	0	0.31921826427690125	0.5121009598021821	0.08747093764402536	0.02005049927309372	0.03365047814750929	0.00485201326285011	0
5138	0.08582854223233378	0	0	0.33052317123531466	0.3437944533676446	0.09674717921885824	0.09073594460984798	0.05237070933600085	0	0
5140	0.0571803978338377	0.00635463170257958	0.00113508525273378	0.3405943024785259	0.4244664617136289	0.03754668491472191	0.06201621758083183	0.05311908726666093	0.01758713125647958	0
5143	0.01533210031127069	0	0	0.6770906640386237	0.27072186515695423	0.02874318689919815	0	0.00731781856706482	7.9436502688825e-4	0
5149	0	0	0	0.40936255680729583	0.46988060885668315	0.03937639091927971	0.05471340879041225	0.0137197597045344	0.01294727492179479	0
5152	0.02977025674898465	0.05485119230539844	0	0.5096467577541524	0.2726760290922709	0.05674628964061455	0	0.03179069159726242	0.04451878286131675	0
5153	0.02343902423678577	0.01593079413954306	0	0.4359682042937774	0.32322408228896354	0.04324208704826637	0.08425328014180895	0.041367863841032033	0.03257466400982294	0
5154	0.01322088709939639	0	0	0.3147255018353634	0.45386464407599025	0.06834290371606393	0.11699432217413204	0.03285174109905387	0	0
5155	0.02332734413822968	0	0.02714006708165448	0.22137433074566412	0.5035078207280363	0.06142028259245218	0.13069243634693695	0.03253771836702612	0	0
5158	0.00135079729790689	0.00358027332362581	0	0.5080892700432639	0.2782808327155349	0.1274359469099283	0	0.06425950517130972	0.01700337453843045	0
5171	0.00480390987777	0	0	0.3421807941606336	0.3164538067179575	0.0634275297204478	0.23064561148550652	0.04248834803768475	0	0
5172	0.04080562853118557	0.00725093912408665	0	0.43434234177844966	0.41687782511734345	0.06822373484194998	0.00892684143354049	0.01471702350615588	0.00885566566728829	0
5175	0.014052323218652501	0.00398047349056954	0	0.3994894161270473	0.44328874828050246	0.05792493693186256	0.05630383731607221	0.02496026463529341	0	0
5179	0	0.03803349203632346	0	0.3343581879254837	0.5027601393620211	0.03318377598350629	0.05602408888050935	0.01160714367457073	0.0240331721375851	0
5180	0.02903701828872129	0.04236782986849174	0	0.3623554284204079	0.37909649644983134	0.05475276224455721	0.09354561208161331	0.01144369181421163	0.01047636605318482	0.01692479477898064
5182	0.01292944754096911	0.02294464547830936	0	0.47621902465323346	0.27570049726803597	0.08478549563103563	0.11003094136281669	0.00610580387458413	0.01128414419101583	0
5187	0	0.01925824859010044	0	0.3147708922940223	0.4494218207952614	0.03252019828292745	0.08713130917885527	0.09438428838351531	0.00251324247531789	0
5188	0	0	0	0.5413759129172311	0.2961101057982682	0.07866002990493001	0.05426448524309999	0.02485953876426109	0.00472992737220968	0
5190	0.02611583382068877	0.02180346329348994	0	0.34886314185375217	0.4837544205215487	0.04000125858533549	0.06126807675590868	0.01514791064562516	0.0030458945236509	0
5191	0.01655892095263633	8.648580829199e-4	0	0.46128527892086846	0.39739838288458545	0.06815438598216182	0	0.04673189529348181	0.00900627788334623	0
5192	0	0	0.01518271676368889	0.31816169825763857	0.6110807625433765	0.01435510848532511	0.01544600355078309	0.02577371039918774	0	0
5194	0.0617308124887857	0	0	0.46899980982466066	0.37456356144098374	0.05258237847876202	0	0.02625147936564201	0.01587195840116586	0
5209	0.02518210340568176	0	0.0074309078476483504	0.17391149573186512	0.5622789549535436	0.08249363179164874	0.06969409462473572	0.07706033109132314	0.00194848055355363	0
5210	0.00306915031560528	0	0	0.39994198396289943	0.2931001962530102	0.07421092099598374	0.15583424360724604	0.07384350486525548	0	0
5217	0	0.00492647113462432	0	0.3670919535625251	0.42002101946058173	0.05806437834072228	0.0842697621180848	0.05370180594521337	0.01192460943824846	0
5220	0	0	0.04063733109758383	0.25470476046792845	0.5215254994516779	0.06070893558168551	0.0754810198842318	0.01677508451142631	0.03016736900546621	0
5222	0	0	0	0.49917698851702746	0.4215020584766276	0.04679994899923079	0.0282757924147185	0	0.00424521159239581	0
5224	0.00137790793829651	0.00813437840278702	0	0.2694231959048214	0.45507158992287894	0.04570227362877302	0.2069176542570916	0.01337299994535149	0	0
5225	0.04246168669423076	0	0	0.4803130629301039	0.3447241510637367	0.04575433028954309	0.02579351547230194	0.02672480252263701	0	0.03422845102744647
5226	0.03217255651690328	0	0.00183190531565596	0.28251598324827465	0.27638891573465346	0.1731469276817253	0.11116870604057326	0.099096889371316	0.0236781160908981	0
5233	0.00289656209256599	0	0	0.32725532311150435	0.561634704886066	0.02500030617083514	0.0626497582348187	0.02056334550420977	0	0
5250	0.03861650523147451	0	0	0.35516896057376274	0.3228967819011458	0.1570891772608109	0.06056798328511109	0.05588925526377799	0.00977133648391687	0
5251	0.02360038630052936	0	0	0.5994250695269536	0.27559415972096873	0.04352662266714687	0.01834574378436117	0.0305719154152785	0.00893610258476178	0
5252	0.0094539468602807	0	0	0.676298603554962	0.20097441921701129	0.01492364927654483	0.08375322370124698	0.01459615738995404	0	0
5260	0.04225588007146002	0	0.00338967571010061	0.37767568975538246	0.37882625287152416	0.07290476584461347	0.05822577347412917	0.0662537904711731	4.6817180161707e-4	0
5262	0.01720264527609837	0.03847202832979822	0	0.4308406679601729	0.2051702803586546	0.05791361770086172	0.20774799684025927	0.04265276353415489	0	0
5267	0.01102301894215158	0	0	0.43970171621311127	0.34612430796803173	0.02487213391837867	0.15127294923084786	0.02512169004567912	0.00188418368179976	0
5271	0	0	0	0.3949073895493038	0.5060308949434766	0.01151362196895769	0.06431524043807936	0.01635240248567805	0.00688045061450438	0
5275	0.01127797113110762	0	0	0.24186075854606567	0.5575800553318363	0.01986555420847139	0.12857232194897011	0.0193646190314568	0	0.02147871980209209
