Mixture	B.cells	Macrophages.M1	Macrophages.M2	Monocytes	Neutrophils	NK.cells	T.cells.CD4	T.cells.CD8	Tregs	Dendritic.cells	P-value	Correlation	RMSE
5085	0.00919722793451972	0.00000000000000000	0.00000000000000000	0.38801512867541998	0.43249154057415451	0.04276181059706999	0.10861557852188951	0.01891871369694617	0.00000000000000000	0.00000000000000000	0.00000000000000000	0.73776566335780336	0.67582916088776368
5087	0.03683304164044352	0.00000000000000000	0.00000000000000000	0.63843221868912325	0.19559614722333790	0.04011104673671362	0.04964344384274792	0.03051147677730262	0.00887262509033126	0.00000000000000000	0.00000000000000000	0.73199431671454396	0.69013669622627272
5088	0.02310691899806669	0.00000000000000000	0.00000000000000000	0.51344324916266837	0.31554289102850314	0.04073474053817254	0.08244999760162997	0.02472220267095935	0.00000000000000000	0.00000000000000000	0.00000000000000000	0.78503522909190215	0.63232473928682709
5091	0.04135276831581562	0.02033905898532171	0.00000000000000000	0.53541921203883081	0.30393537054960273	0.04074452738267092	0.03127123931341833	0.02650066831983788	0.00043715509450197	0.00000000000000000	0.00000000000000000	0.73908751608414625	0.67806254769813923
5092	0.00000000000000000	0.00000000000000000	0.00000000000000000	0.43484005219939681	0.41352721426693112	0.01836102522727030	0.09174665760727209	0.01534723408950710	0.00000000000000000	0.02617781660962253	0.00000000000000000	0.64105510496708451	0.77369882182093042
5093	0.00284560778848650	0.05127427566931349	0.00137602220779668	0.40570088665244092	0.41359574343719779	0.02370754420251377	0.04263052329355640	0.04935037649747276	0.00951902025122165	0.00000000000000000	0.00000000000000000	0.83243190594910699	0.56547257250450744
5094	0.03179312554626146	0.01730287951646792	0.00000000000000000	0.34130066895484362	0.41134536926798237	0.07808322864599224	0.02932212949825319	0.08137928497873947	0.00947331359145980	0.00000000000000000	0.00000000000000000	0.73659222232020571	0.68066703835112419
5095	0.04485300899019783	0.00000000000000000	0.03822920007062750	0.29097611002145912	0.29903599931514474	0.07839095620441068	0.20027377087276091	0.04824095452539916	0.00000000000000000	0.00000000000000000	0.00000000000000000	0.47239358462879383	0.88018164817659861
5097	0.00000000000000000	0.04048876416919193	0.00000000000000000	0.11784483098155524	0.50287169356268457	0.03700024275365825	0.16918641260105285	0.10971047381174173	0.02289758212011522	0.00000000000000000	0.00000000000000000	0.70745854322386925	0.70823007014345329
5098	0.00600911063000388	0.07295578100555991	0.00000000000000000	0.17295378040707221	0.60824144344087971	0.04866707583031831	0.02853922868577474	0.00000000000000000	0.06263358000039138	0.00000000000000000	0.00000000000000000	0.74714464227211386	0.69431413768091133
5103	0.02126012363899147	0.00095324251141423	0.00000000000000000	0.31719132280186296	0.44152486597625634	0.04763625033779330	0.09233776308913121	0.07306926331067740	0.00602716833387308	0.00000000000000000	0.00000000000000000	0.77211203739407608	0.63996071220265827
5104	0.02282456748892981	0.01281029881339681	0.00350085113006479	0.26484095261987323	0.49814036798426337	0.04120855565470461	0.10714143554131032	0.04219476793876971	0.00733820282868727	0.00000000000000000	0.00000000000000000	0.83397269247504968	0.56045025001872262
5105	0.01192271060356157	0.00000000000000000	0.00575903232265681	0.46251872976201280	0.43237851812268357	0.02652628431255761	0.05267927154920429	0.00821545332732341	0.00000000000000000	0.00000000000000000	0.00000000000000000	0.73735042335076850	0.67810784224296650
5108	0.00000000000000000	0.00000000000000000	0.00000000000000000	0.43406555897761218	0.43030257713291975	0.04511357910489869	0.03944965766233519	0.03040584473957169	0.02066278238266240	0.00000000000000000	0.00000000000000000	0.68922151676729104	0.72832997055615889
5115	0.00000000000000000	0.00619213466329040	0.00000000000000000	0.28408107263956550	0.54681750303258114	0.01964992343940489	0.11849250485386950	0.02476686137128868	0.00000000000000000	0.00000000000000000	0.00000000000000000	0.89988072134274588	0.44710916011243118
5117	0.02870883300448192	0.00000000000000000	0.00000000000000000	0.46008344918778937	0.35762247496706656	0.03344015680213818	0.09103027373397260	0.02850884683299289	0.00060596547155835	0.00000000000000000	0.00000000000000000	0.64889984573168968	0.76022316327574457
5120	0.01971641870704611	0.01987788801667219	0.02083291837516242	0.17543230814730731	0.50025827508986198	0.05040301294949735	0.14895410084029331	0.05871552905281510	0.00580954882134420	0.00000000000000000	0.00000000000000000	0.75470486822526361	0.65895915400456928
5122	0.00000000000000000	0.00915363051629467	0.00000000000000000	0.11929921480778896	0.60180669339125104	0.01226946036501445	0.25171049239113624	0.00576050852851456	0.00000000000000000	0.00000000000000000	0.00000000000000000	0.86200748537961003	0.51211730900448205
5124	0.01628562070805759	0.00000000000000000	0.00820756611158322	0.49814919550730508	0.33248261934860329	0.04800945184149358	0.09088023817181717	0.00598530831114014	0.00000000000000000	0.00000000000000000	0.00000000000000000	0.61448903887839867	0.78923171035482298
5133	0.00000000000000000	0.00886822423489428	0.00000000000000000	0.15330088052130156	0.52423591788836732	0.07337266314434729	0.16281910822345028	0.07740320598763933	0.00000000000000000	0.00000000000000000	0.00000000000000000	0.79408999214914744	0.61143802416531712
5137	0.01136310354829748	0.01129374404514091	0.00000000000000000	0.31921826427690125	0.51210095980218207	0.08747093764402536	0.02005049927309372	0.03365047814750929	0.00485201326285011	0.00000000000000000	0.00000000000000000	0.72497601379140741	0.69997568015333000
5138	0.08582854223233378	0.00000000000000000	0.00000000000000000	0.33052317123531466	0.34379445336764458	0.09674717921885824	0.09073594460984798	0.05237070933600085	0.00000000000000000	0.00000000000000000	0.00000000000000000	0.59356750366261257	0.80458856213630892
5140	0.05718039783383770	0.00635463170257958	0.00113508525273378	0.34059430247852590	0.42446646171362890	0.03754668491472191	0.06201621758083183	0.05311908726666093	0.01758713125647958	0.00000000000000000	0.00000000000000000	0.76144956445102352	0.65383269579773040
5143	0.01533210031127069	0.00000000000000000	0.00000000000000000	0.67709066403862372	0.27072186515695423	0.02874318689919815	0.00000000000000000	0.00731781856706482	0.00079436502688825	0.00000000000000000	0.00000000000000000	0.67125556376869711	0.74093467432507576
5149	0.00000000000000000	0.00000000000000000	0.00000000000000000	0.40936255680729583	0.46988060885668315	0.03937639091927971	0.05471340879041225	0.01371975970453440	0.01294727492179479	0.00000000000000000	0.00000000000000000	0.65005426393256283	0.77492112566038773
5152	0.02977025674898465	0.05485119230539844	0.00000000000000000	0.50964675775415236	0.27267602909227090	0.05674628964061455	0.00000000000000000	0.03179069159726242	0.04451878286131675	0.00000000000000000	0.00000000000000000	0.52965615250726128	0.85153052795249162
5153	0.02343902423678577	0.01593079413954306	0.00000000000000000	0.43596820429377742	0.32322408228896354	0.04324208704826637	0.08425328014180895	0.04136786384103203	0.03257466400982294	0.00000000000000000	0.00000000000000000	0.52981621229301756	0.85101085369538743
5154	0.01322088709939639	0.00000000000000000	0.00000000000000000	0.31472550183536341	0.45386464407599025	0.06834290371606393	0.11699432217413204	0.03285174109905387	0.00000000000000000	0.00000000000000000	0.00000000000000000	0.72850921739933450	0.68646877649657712
5155	0.02332734413822968	0.00000000000000000	0.02714006708165448	0.22137433074566412	0.50350782072803635	0.06142028259245218	0.13069243634693697	0.03253771836702612	0.00000000000000000	0.00000000000000000	0.00000000000000000	0.73413072779828481	0.68268655019259217
5158	0.00135079729790689	0.00358027332362581	0.00000000000000000	0.50808927004326387	0.27828083271553489	0.12743594690992827	0.00000000000000000	0.06425950517130972	0.01700337453843045	0.00000000000000000	0.00000000000000000	0.60892647394482780	0.79184557281992363
5171	0.00480390987777000	0.00000000000000000	0.00000000000000000	0.34218079416063357	0.31645380671795748	0.06342752972044780	0.23064561148550652	0.04248834803768475	0.00000000000000000	0.00000000000000000	0.00000000000000000	0.72495172545715625	0.70513474181487079
5172	0.04080562853118557	0.00725093912408665	0.00000000000000000	0.43434234177844971	0.41687782511734345	0.06822373484194998	0.00892684143354049	0.01471702350615588	0.00885566566728829	0.00000000000000000	0.00000000000000000	0.54699679778305121	0.85902624330446364
5175	0.01405232321865250	0.00398047349056954	0.00000000000000000	0.39948941612704730	0.44328874828050246	0.05792493693186256	0.05630383731607221	0.02496026463529341	0.00000000000000000	0.00000000000000000	0.00000000000000000	0.75285112677066757	0.66072552259835282
5179	0.00000000000000000	0.03803349203632346	0.00000000000000000	0.33435818792548372	0.50276013936202113	0.03318377598350629	0.05602408888050935	0.01160714367457073	0.02403317213758510	0.00000000000000000	0.00000000000000000	0.57505240490089049	0.85455630861579190
5180	0.02903701828872129	0.04236782986849174	0.00000000000000000	0.36235542842040791	0.37909649644983140	0.05475276224455721	0.09354561208161333	0.01144369181421163	0.01047636605318482	0.01692479477898064	0.00000000000000000	0.47129596910327204	0.90221985116036418
5182	0.01292944754096911	0.02294464547830936	0.00000000000000000	0.47621902465323340	0.27570049726803597	0.08478549563103563	0.11003094136281669	0.00610580387458413	0.01128414419101583	0.00000000000000000	0.00000000000000000	0.47180153062111369	0.88780176426664481
5187	0.00000000000000000	0.01925824859010044	0.00000000000000000	0.31477089229402228	0.44942182079526138	0.03252019828292745	0.08713130917885527	0.09438428838351531	0.00251324247531789	0.00000000000000000	0.00000000000000000	0.67450287364693151	0.74068981600588124
5188	0.00000000000000000	0.00000000000000000	0.00000000000000000	0.54137591291723108	0.29611010579826819	0.07866002990493001	0.05426448524309999	0.02485953876426109	0.00472992737220968	0.00000000000000000	0.00000000000000000	0.64618355698220997	0.76157007715800007
5190	0.02611583382068877	0.02180346329348994	0.00000000000000000	0.34886314185375217	0.48375442052154871	0.04000125858533549	0.06126807675590868	0.01514791064562516	0.00304589452365090	0.00000000000000000	0.00000000000000000	0.73559943985698573	0.68345532677550103
5191	0.01655892095263633	0.00086485808291990	0.00000000000000000	0.46128527892086846	0.39739838288458545	0.06815438598216182	0.00000000000000000	0.04673189529348181	0.00900627788334623	0.00000000000000000	0.00000000000000000	0.68593145927834764	0.72994953151739705
5192	0.00000000000000000	0.00000000000000000	0.01518271676368889	0.31816169825763857	0.61108076254337651	0.01435510848532511	0.01544600355078309	0.02577371039918774	0.00000000000000000	0.00000000000000000	0.00000000000000000	0.80971612919630498	0.61434437895805805
5194	0.06173081248878570	0.00000000000000000	0.00000000000000000	0.46899980982466061	0.37456356144098374	0.05258237847876202	0.00000000000000000	0.02625147936564201	0.01587195840116586	0.00000000000000000	0.00000000000000000	0.61286043229476916	0.79541465600261718
5209	0.02518210340568176	0.00000000000000000	0.00743090784764835	0.17391149573186512	0.56227895495354363	0.08249363179164874	0.06969409462473572	0.07706033109132314	0.00194848055355363	0.00000000000000000	0.00000000000000000	0.77846409322748367	0.63689065359207564
5210	0.00306915031560528	0.00000000000000000	0.00000000000000000	0.39994198396289943	0.29310019625301020	0.07421092099598374	0.15583424360724604	0.07384350486525548	0.00000000000000000	0.00000000000000000	0.00000000000000000	0.79862803096897261	0.64315530045504643
5217	0.00000000000000000	0.00492647113462432	0.00000000000000000	0.36709195356252511	0.42002101946058173	0.05806437834072228	0.08426976211808480	0.05370180594521337	0.01192460943824846	0.00000000000000000	0.00000000000000000	0.59005821481390119	0.81546697021057279
5220	0.00000000000000000	0.00000000000000000	0.04063733109758383	0.25470476046792845	0.52152549945167792	0.06070893558168551	0.07548101988423180	0.01677508451142631	0.03016736900546621	0.00000000000000000	0.00000000000000000	0.51686669916119976	0.90393330425512475
5222	0.00000000000000000	0.00000000000000000	0.00000000000000000	0.49917698851702741	0.42150205847662758	0.04679994899923079	0.02827579241471850	0.00000000000000000	0.00424521159239581	0.00000000000000000	0.00000000000000000	0.68142869600334610	0.73952017057667363
5224	0.00137790793829651	0.00813437840278702	0.00000000000000000	0.26942319590482139	0.45507158992287894	0.04570227362877302	0.20691765425709158	0.01337299994535149	0.00000000000000000	0.00000000000000000	0.00000000000000000	0.71084601225740696	0.70308741720059398
5225	0.04246168669423076	0.00000000000000000	0.00000000000000000	0.48031306293010395	0.34472415106373672	0.04575433028954309	0.02579351547230194	0.02672480252263701	0.00000000000000000	0.03422845102744647	0.00000000000000000	0.65972531932048883	0.75152110467476740
5226	0.03217255651690328	0.00000000000000000	0.00183190531565596	0.28251598324827465	0.27638891573465346	0.17314692768172527	0.11116870604057326	0.09909688937131599	0.02367811609089810	0.00000000000000000	0.00000000000000000	0.68293383097647420	0.74959034003804537
5233	0.00289656209256599	0.00000000000000000	0.00000000000000000	0.32725532311150435	0.56163470488606604	0.02500030617083514	0.06264975823481871	0.02056334550420977	0.00000000000000000	0.00000000000000000	0.00000000000000000	0.87167530346705602	0.49954228308875209
5250	0.03861650523147451	0.00000000000000000	0.00000000000000000	0.35516896057376274	0.32289678190114579	0.15708917726081090	0.06056798328511109	0.05588925526377799	0.00977133648391687	0.00000000000000000	0.00000000000000000	0.78027059418003231	0.65629875459471865
5251	0.02360038630052936	0.00000000000000000	0.00000000000000000	0.59942506952695362	0.27559415972096873	0.04352662266714687	0.01834574378436117	0.03057191541527850	0.00893610258476178	0.00000000000000000	0.00000000000000000	0.69330733801818745	0.71983361564864268
5252	0.00945394686028070	0.00000000000000000	0.00000000000000000	0.67629860355496196	0.20097441921701129	0.01492364927654483	0.08375322370124698	0.01459615738995404	0.00000000000000000	0.00000000000000000	0.00000000000000000	0.67446556504925659	0.73654300812327300
5260	0.04225588007146002	0.00000000000000000	0.00338967571010061	0.37767568975538246	0.37882625287152416	0.07290476584461347	0.05822577347412917	0.06625379047117309	0.00046817180161707	0.00000000000000000	0.00000000000000000	0.78553819124531521	0.63387037213850028
5262	0.01720264527609837	0.03847202832979822	0.00000000000000000	0.43084066796017290	0.20517028035865459	0.05791361770086172	0.20774799684025930	0.04265276353415489	0.00000000000000000	0.00000000000000000	0.00000000000000000	0.47410301110052155	0.87811977039039546
5267	0.01102301894215158	0.00000000000000000	0.00000000000000000	0.43970171621311127	0.34612430796803173	0.02487213391837867	0.15127294923084786	0.02512169004567912	0.00188418368179976	0.00000000000000000	0.00000000000000000	0.67737667656895528	0.73434704308890897
5271	0.00000000000000000	0.00000000000000000	0.00000000000000000	0.39490738954930382	0.50603089494347664	0.01151362196895769	0.06431524043807936	0.01635240248567805	0.00688045061450438	0.00000000000000000	0.00000000000000000	0.78057466318023838	0.63134765162487572
5275	0.01127797113110762	0.00000000000000000	0.00000000000000000	0.24186075854606567	0.55758005533183630	0.01986555420847139	0.12857232194897011	0.01936461903145680	0.00000000000000000	0.02147871980209209	0.00000000000000000	0.78032231209222191	0.63358176721989823
