Mixture	T cells CD8	Monocytes	T cells CD4	NKT cells	B cells	NK cells	P-value	Correlation	RMSE
5085	0.00000000000000000	0.89031137521965253	0.09827195605170971	0.00000000000000000	0.00000000000000000	0.01141666872863776	0.00000000000000000	0.92750565530719886	0.97975320991690140
5087	0.00000000000000000	0.93129938780347865	0.06355143378780578	0.00000000000000000	0.00000000000000000	0.00514917840871548	0.00000000000000000	0.92673148216716572	1.05383460319228117
5088	0.00000000000000000	0.88838631972226190	0.09850888798106926	0.00000000000000000	0.00000000000000000	0.01310479229666887	0.00000000000000000	0.93936141768303127	0.95389969510218331
5091	0.00000000000000000	0.94761747453179768	0.04357272456154417	0.00566417245498389	0.00000000000000000	0.00314562845167412	0.00000000000000000	0.93854507491588490	1.06129366873024367
5092	0.00000000000000000	0.92945722368049288	0.06414009011904985	0.00000000000000000	0.00000000000000000	0.00640268620045723	0.00000000000000000	0.92241057081763622	1.05833362537126163
5093	0.00000000000000000	0.88299434742543781	0.10557700752440503	0.00000000000000000	0.00000000000000000	0.01142864505015703	0.00000000000000000	0.95237267149082783	0.91900429987769672
5094	0.00000000000000000	0.90888613221016923	0.07348518718683850	0.00532743580607431	0.00000000000000000	0.01230124479691795	0.00000000000000000	0.94779332405849981	0.97413731560698336
5095	0.01537286230326356	0.78625928707634773	0.09665791196393497	0.00000000000000000	0.06477295709674531	0.03693698155970861	0.00000000000000000	0.93572261948204771	0.77950916372973322
5097	0.00780592654085424	0.88663474986908108	0.10366421572585575	0.00000000000000000	0.00000000000000000	0.00189510786420906	0.00000000000000000	0.94686915280079775	0.93647775554204515
5098	0.00000000000000000	0.92633338998452908	0.06890679503790337	0.00000000000000000	0.00000000000000000	0.00475981497756748	0.00000000000000000	0.94408307784985190	1.01300290951046268
5103	0.00000000000000000	0.92175905159342952	0.05482189711329577	0.01290745092084745	0.00000000000000000	0.01051160037242720	0.00000000000000000	0.95891104756032286	0.97567674358795342
5104	0.00000000000000000	0.84713382149092542	0.12365907864680190	0.01756889970722868	0.00000000000000000	0.01163820015504398	0.00000000000000000	0.94582782093678219	0.86733987797904422
5105	0.00000000000000000	0.92354865548466669	0.07038260814122858	0.00000000000000000	0.00000000000000000	0.00606873637410481	0.00000000000000000	0.96428209890617000	0.96928084497109557
5108	0.00000000000000000	0.91794196913225723	0.07448344877197974	0.00000000000000000	0.00000000000000000	0.00757458209576301	0.00000000000000000	0.94250323746769282	1.00082284177259906
5115	0.00000000000000000	0.91084545903690195	0.07509615034588893	0.00000000000000000	0.00000000000000000	0.01405839061720915	0.00000000000000000	0.95817421571413386	0.95786118512768348
5117	0.00000000000000000	0.91792103608441866	0.07521974812331927	0.00000000000000000	0.00000000000000000	0.00685921579226193	0.00000000000000000	0.94484670683873129	0.99638374693418830
5120	0.00000000000000000	0.75954488943103315	0.12656483003612615	0.01920729139806754	0.05678759549388317	0.03789539364089013	0.00000000000000000	0.90056524273014660	0.80624758754876091
5122	0.00000000000000000	0.85486442708278276	0.13937848997910871	0.00000000000000000	0.00000000000000000	0.00575708293810851	0.00000000000000000	0.94919464423017175	0.87524320256522026
5124	0.00000000000000000	0.92139579939119243	0.07026225833075501	0.00000000000000000	0.00000000000000000	0.00834194227805251	0.00000000000000000	0.95147162310652467	0.99003911047280635
5133	0.00000000000000000	0.78165279982515068	0.12806137440048634	0.06508198507853774	0.00000000000000000	0.02520384069582516	0.00000000000000000	0.92017508665824821	0.80488266281951215
5137	0.00000000000000000	0.89975200212880746	0.08338194296635497	0.00401518772700163	0.00000000000000000	0.01285086717783596	0.00000000000000000	0.93211447179860707	0.98756530810347454
5138	0.00484137250784825	0.87036122753406242	0.03797101615500170	0.00000000000000000	0.07140980037799763	0.01541658342509008	0.00000000000000000	0.96267684361060990	0.87127625849139445
5140	0.00000000000000000	0.88894625808671790	0.09863454419372820	0.01149386718360607	0.00000000000000000	0.00092533053594780	0.00000000000000000	0.94821124069045337	0.93745659965330974
5143	0.00000000000000000	0.93234875044308074	0.06216515999187316	0.00000000000000000	0.00000000000000000	0.00548608956504624	0.00000000000000000	0.95002475167625866	1.01267649673392768
5149	0.00000000000000000	0.92732357791005593	0.06261731124512443	0.00000000000000000	0.00000000000000000	0.01005911084481970	0.00000000000000000	0.93521936330274680	1.03113173568739036
5152	0.00000000000000000	0.93216424861544300	0.06192307720912488	0.00591267417543203	0.00000000000000000	0.00000000000000000	0.00000000000000000	0.92844296320511965	1.05207125978351068
5153	0.00000000000000000	0.92710676985585105	0.07011657499244785	0.00206595178171159	0.00000000000000000	0.00071070336998937	0.00000000000000000	0.93528072097763093	1.03073391297116124
5154	0.00000000000000000	0.87848211432810230	0.10429267121526907	0.00000000000000000	0.00000000000000000	0.01722521445662861	0.00000000000000000	0.93712114489600729	0.94057227009399524
5155	0.01352194480682423	0.92927140349495374	0.03382337351293660	0.00000000000000000	0.00000000000000000	0.02338327818528553	0.00000000000000000	0.93513841063400849	1.03444622263509589
5158	0.00000000000000000	0.91255358717797030	0.05137268413329725	0.00360730612087795	0.00000000000000000	0.03246642256785462	0.00000000000000000	0.94727925791445589	0.98149139012120346
5171	0.00000000000000000	0.76154813294049351	0.11713391325812604	0.00000000000000000	0.07656297685774319	0.04475497694363727	0.00000000000000000	0.91815532487032447	0.77409583170213836
5172	0.00000000000000000	0.92947629634526030	0.06436723885244809	0.00170648261207880	0.00000000000000000	0.00444998219021282	0.00000000000000000	0.93996816033235253	1.02624052836359136
5175	0.00000000000000000	0.91180605538209525	0.07663798561385188	0.00000000000000000	0.00000000000000000	0.01155595900405299	0.00000000000000000	0.94383586692535348	0.98721265175204520
5179	0.00000000000000000	0.92508470431444845	0.06844937784739442	0.00000000000000000	0.00000000000000000	0.00646591783815719	0.00000000000000000	0.92621463367372669	1.04369822223604891
5180	0.00000000000000000	0.93011938126516558	0.05410477036507023	0.01577584836976419	0.00000000000000000	0.00000000000000000	0.00000000000000000	0.91970533405959665	1.06366782160389217
5182	0.00000000000000000	0.90899899375648541	0.08389814175514244	0.00000000000000000	0.00000000000000000	0.00710286448837221	0.00000000000000000	0.93037791034822004	1.00751093448672968
5187	0.00000000000000000	0.92343705772055495	0.06055484127684170	0.00888885510334885	0.00000000000000000	0.00711924589925446	0.00000000000000000	0.94815196236060140	0.99958855221753640
5188	0.00000000000000000	0.93105613827336842	0.04281946749134050	0.01235243872238143	0.00000000000000000	0.01377195551290968	0.00000000000000000	0.93271310931377571	1.04169880379345114
5190	0.00000000000000000	0.92605599192795351	0.06129989494336016	0.00406496873867703	0.00000000000000000	0.00857914439000925	0.00000000000000000	0.95626895817989999	0.98908959116571005
5191	0.00000000000000000	0.93295061018793768	0.06191723280075453	0.00188986249662839	0.00000000000000000	0.00324229451467948	0.00000000000000000	0.93720525068821448	1.03760033221507286
5192	0.00000000000000000	0.94172082787323463	0.04782464073062581	0.00000000000000000	0.00000000000000000	0.01045453139613955	0.00000000000000000	0.94086763616201563	1.04655757312227515
5194	0.00000000000000000	0.93489755286416543	0.06347374545739914	0.00000000000000000	0.00000000000000000	0.00162870167843533	0.00000000000000000	0.94225036287245889	1.03191584776621292
5209	0.00000000000000000	0.87726519728392816	0.09569687016339565	0.00498950031737041	0.00000000000000000	0.02204843223530587	0.00000000000000000	0.89465402497448843	1.01651296664721347
5210	0.01650592191957821	0.85477264442328404	0.10229553445789503	0.01287626138885411	0.00000000000000000	0.01354963781038871	0.00000000000000000	0.96178653218766630	0.84844713112679448
5217	0.00000000000000000	0.90584985525327921	0.08326994642478400	0.00000000000000000	0.00000000000000000	0.01088019832193672	0.00000000000000000	0.94799822889485585	0.96859279303143420
5220	0.00000000000000000	0.90990067568277677	0.08596135784217729	0.00000000000000000	0.00000000000000000	0.00413796647504593	0.00000000000000000	0.94425055083387177	0.98317407831210701
5222	0.00000000000000000	0.91980959203379320	0.07232898866149726	0.00000000000000000	0.00000000000000000	0.00786141930470966	0.00000000000000000	0.95144104047307410	0.98723874005672163
5224	0.00000000000000000	0.88325587281021423	0.10716328886021582	0.00445100688915110	0.00000000000000000	0.00512983144041889	0.00000000000000000	0.94584998858998681	0.93217041308315995
5225	0.00000000000000000	0.92719653880509889	0.06552128286195098	0.00196801673988364	0.00000000000000000	0.00531416159306639	0.00000000000000000	0.94809483857478638	1.00689436790228748
5226	0.00000000000000000	0.90904637224809681	0.02497844355903971	0.05270327215938900	0.00000000000000000	0.01327191203347448	0.00000000000000000	0.94928903278150401	0.96935022014515948
5233	0.00000000000000000	0.90777128272563412	0.06612296474168412	0.01221382020466098	0.00000000000000000	0.01389193232802080	0.00000000000000000	0.96622502345782424	0.93576597890622193
5250	0.00000000000000000	0.76257019816922800	0.03502719025216179	0.09700412773446158	0.05174038155428379	0.05365810228986505	0.00000000000000000	0.95119315025013795	0.70398525866014905
5251	0.00000000000000000	0.92180558878455032	0.07126655373866286	0.00000000000000000	0.00000000000000000	0.00692785747678685	0.00000000000000000	0.94050579915660937	1.01151202081881819
5252	0.00000000000000000	0.92886418418869610	0.06482094665761942	0.00000000000000000	0.00000000000000000	0.00631486915368456	0.00000000000000000	0.94367537072173580	1.01828585533708482
5260	0.00000000000000000	0.89336578155995794	0.06671094998825752	0.02168417073162802	0.00000000000000000	0.01823909772015650	0.00000000000000000	0.95281971699788770	0.93558141373270587
5262	0.00000000000000000	0.87323433418703245	0.08658961471622934	0.01908611097035592	0.00000000000000000	0.02108994012638231	0.00000000000000000	0.91551125515206577	0.97116613884422709
5267	0.00000000000000000	0.92478593929413100	0.06788607056237168	0.00000000000000000	0.00000000000000000	0.00732799014349742	0.00000000000000000	0.94874395731456518	1.00137452681575478
5271	0.00000000000000000	0.85726265153056835	0.12184380380294590	0.00000000000000000	0.00000000000000000	0.02089354466648570	0.00000000000000000	0.95445656827335135	0.86856270864704466
5275	0.00000000000000000	0.92221333581395470	0.07196055334089911	0.00000000000000000	0.00000000000000000	0.00582611084514615	0.00000000000000000	0.95742466715874452	0.98015939470720637
